g++ main.cpp
./a.out
29534.4
25412.4
25097.4
31296.1
28132.4
26700.9
22106.9
27528.7
24872.9
26005.1
34006.2
31367.6
29273.2
25162.8
33713.1
39796.4
31979.3
30751.2
29517.6
28593.9
39796.4
23764.5
25334.3
26041.3
22918.2
28254.2
28823
34694.5
27666.5
34199.2
30210.8
29279.7
32999.7
27891.4
28385.4
26195
27899.9
33931.4
31124.6
28451.9
26135.8
22703
27969.6
26028.7
26240.1
29557.4
25721.7
26768.6
26312.3
29186.3
29297.9
28016.5
26688.7
27136.7
25686
31326.2
31554.3
26283.6
26629.1
27386.4
26234.3
24736.5
25276.4
25353.2
23247.1
28433.6
25268.1
27631.1
28387.9
24547.5
28713.4
28082.7
25652.2
22412.8
25824.7
31782.1
30446.3
32377.6
33963.3
27063.6
30964.8
38405.3
30794.6
25397.9
25899.3
20461.3
28793.1
30397.9
30133.7
31232.3
28264.3
33841.7
32540.1
24319.9
26225.9
21286
25349.2
25432
29487
27943
28567
23574.1
27447
23445.3
0
33357.4
29450.9
25686.3
25325.8
28636.4
23024.4
26861.3
34422.5
26705.7
21484.1
32516.8
25611.4
26697.7
27709.1
31569.2
35054.1
28057.3
28850.4
25362
30499.8
26473.5
26494.8
27648.9
29628.6
23153
25110.9
27464.1
30431.9
31907.3
30493.6
23892.3
24753.4
26886.5
28256.3
27953.5
29499.7
23184.1
28596.1
24294.9
24690
27205.6
31451.1
27933.9
24898.2
26977.1
